tlid
8
3220
9
10
1016
71260
415
#N/A
12
87833
13
14
244418
15
87882
106807
16
17
18
61684
1029
71261
22
23
24
26
#N/A
93115
27
28
1759
29
#N/A
309350
31
32
33
4635
35
154217
38
39
40
57464
42
43
44
46
87812
49
50
69030
3051
51
52
1750
2999
54
55
56
57
1878
58
59
60
61
62
63
64
66
68
73518
70
71
72
1017
74
78
80
641
81
300864
83
84
85
86
88
2789
89
59329
91
#N/A
72727
93
3689
94
1558
95
96
97
98
3174
99
100
2275
3489
101
1726
103
104
182406
105
130968
1760
107
108
109
2325
110
111
112
113
114
116
117
118
71268
121
77534
122
123
#N/A
65396
125
126
127
129
130
54902
131
132
133
135
136
#N/A
61540
138
139
140
141
1774
142
143
144
145
146
147
148
149
150
151
152
1795
1764
153
154
155
156
157
158
159
160
79883
161
87835
162
163
164
165
166
167
168
169
170
171
#N/A
4018
80210
172
174
175
176
177
178
179
180
182
1980
183
61537
2598
184
185
186
1979
187
189
4747
191
192
196
197
3020
200
198
201
185454
1574
203
204
205
4751
207
208
209
211
213
250864
2118
214
215
216
218
219
220
60292
222
52884
223
87723
224
763
226
227
228
1385
229
231
1559
297909
232
233
234
235
60599
#N/A
2456
238
239
240
76
241
242
1560
243
53219
244
245
246
248
249
250
2094
251
252
253
254
255
256
#N/A
257
293
127257
258
3412
297908
87857
260
262
1424
263
264
266
267
268
53326
270
2756
274
275
57095
942
276
277
278
279
3203
280
2906
3621
281
284
#N/A
287
288
97162
289
100478
290
292
2020
174482
#N/A
295
296
297
3405
300
301
302
303
120412
306
2864
307
308
4652
309
310
64761
311
312
2476
152657
313
314
315
317
318
319
320
321
322
324
2826
149707
325
326
581
327
328
#N/A
330
60394
331
332
1276
#N/A
335
336
60393
337
338
53208
82988
2225
71280
340
341
87874
343
345
346
348
1561
352
342
350
351
3863
353
354
1512
356
357
359
360
361
362
363
364
365
367
368
369
371
372
374
3902
373
375
376
377
4797
379
380
381
393
2002
54899
385
386
387
391
394
396
397
398
#N/A
403
402
404
1280
405
1562
408
409
410
412
426
427
413
414
416
92286
417
420
421
#N/A
422
423
2028
424
425
4749
68395
428
429
430
431
432
74800
433
434
435
437
1563
438
61538
#N/A
441
442
94306
443
#N/A
444
445
87837
448
1564
449
450
48
452
67
512
#N/A
453
454
#N/A
455
456
457
#N/A
#N/A
462
#N/A
464
465
466
97166
467
468
470
471
2213
472
4710
473
474
517
475
62812
476
477
478
479
480
481
1981
482
483
485
#N/A
2043
#N/A
487
3916
488
489
490
#N/A
492
1565
170350
494
495
496
71286
1566
105874
498
499
502
503
504
#N/A
506
#N/A
54901
509
510
511
515
#N/A
#N/A
1164
#N/A
519
80502
288827
#N/A
522
523
524
#N/A
83567
526
527
528
1978
530
531
532
94155
533
65394
534
535
536
336807
538
539
540
1568
541
#N/A
543
78664
544
545
546
547
548
549
550
551
553
554
555
556
560
561
562
4380
#N/A
565
564
571
566
567
2794
569
570
#N/A
#N/A
4775
529
574
575
576
54143
580
582
#N/A
87724
584
61147
4714
#N/A
586
588
589
590
1786
63143
591
592
593
71289
595
596
597
598
166182
166089
599
600
#N/A
1557
#N/A
603
604
605
606
607
608
149049
609
610
611
1784
612
#N/A
614
615
616
88364
617
#N/A
619
620
621
623
625
1300
1998
#N/A
#N/A
630
631
634
1627
635
36
#N/A
1553
#N/A
637
638
639
640
642
644
109297
167028
81109
645
646
647
3803
648
649
#N/A
651
#N/A
653
654
655
656
657
#N/A
659
660
87787
#N/A
662
663
664
665
666
667
563
670
672
673
674
675
676
677
679
680
681
682
#N/A
4224
683
684
#N/A
686
687
1569
688
689
690
#N/A
692
693
#N/A
695
#N/A
#N/A
#N/A
698
873
699
1266
#N/A
#N/A
702
3552
704
706
#N/A
708
709
710
712
#N/A
713
714
741
715
#N/A
718
87846
80503
#N/A
721
#N/A
1761
725
726
2004
727
728
729
1982
2255
731
733
734
#N/A
65300
739
740
#N/A
577
71293
743
2056
744
745
746
747
749
751
#N/A
754
755
757
758
759
760
761
#N/A
#N/A
765
3036
1882
#N/A
768
769
#N/A
#N/A
773
775
3882
#N/A
777
778
#N/A
1877
1570
784
71295
4984
785
81513
780
787
788
87814
789
790
303126
1942
1571
791
796
797
798
799
4740
800
4596
#N/A
802
803
804
#N/A
805
806
807
#N/A
#N/A
87782
810
811
812
61541
813
#N/A
815
2941
#N/A
2974
87859
#N/A
#N/A
65007
#N/A
820
821
1762
823
1572
1573
825
#N/A
826
#N/A
#N/A
830
#N/A
#N/A
#N/A
#N/A
837
#N/A
2137
840
841
842
62997
87829
#N/A
60598
844
276825
283181
4613
847
2978
305195
#N/A
848
849
850
851
#N/A
852
853
854
#N/A
856
#N/A
1692
#N/A
45
#N/A
139598
#N/A
4581
860
#N/A
80900
863
#N/A
#N/A
#N/A
866
#N/A
87854
868
#N/A
#N/A
2091
871
1093
872
3118
#N/A
1577
1554
875
876
878
#N/A
880
#N/A
882
883
884
#N/A
886
138917
887
888
#N/A
891
892
893
894
896
#N/A
897
3071
4611
901
902
#N/A
#N/A
#N/A
#N/A
64356
908
909
911
912
913
914
1775
915
916
71303
917
918
#N/A
71304
#N/A
258647
922
1983
923
#N/A
926
141845
929
930
932
933
73363
934
936
1886
938
65182
939
941
1727
121729
#N/A
944
3887
#N/A
945
#N/A
#N/A
2005
935
949
950
952
954
2090
2733
956
958
#N/A
959
960
559
2033
962
1952
964
965
966
967
484
968
969
#N/A
#N/A
#N/A
#N/A
974
975
#N/A
3264
977
#N/A
1752
981
982
#N/A
#N/A
#N/A
986
987
988
#N/A
990
#N/A
#N/A
2068
993
994
1199
61539
1781
996
87776
997
#N/A
#N/A
1004
2016
#N/A
1010
1011
#N/A
1014
2003
#N/A
1018
1019
#N/A
1021
#N/A
1025
1026
1027
1028
1030
1031
1032
858
#N/A
1034
1036
#N/A
1038
1039
1040
1041
1042
#N/A
1022
1046
1048
1049
4826
1050
#N/A
2962
#N/A
3854
139599
1053
1054
1056
1057
202203
1766
#N/A
148189
#N/A
1059
#N/A
1061
1062
1064
82275
#N/A
#N/A
1067
#N/A
1068
#N/A
1070
#N/A
1072
#N/A
177142
1723
#N/A
1078
1074
1079
54332
1081
1082
1083
1084
1085
1087
4595
1958
#N/A
#N/A
53209
#N/A
1094
#N/A
1097
1098
1099
1101
1102
1767
#N/A
#N/A
1105
1106
#N/A
1108
1110
#N/A
1114
1115
1116
4685
1117
1118
1119
1120
1121
1125
1126
1127
#N/A
1129
1130
1131
1132
1133
1134
1135
1138
71312
#N/A
1137
92280
#N/A
#N/A
1141
1142
1043
#N/A
1145
2125
1146
1095
243466
#N/A
290299
1148
1149
#N/A
1151
#N/A
#N/A
#N/A
579
1154
1157
1155
1156
1158
1159
139596
82525
#N/A
1161
1162
1778
2912
#N/A
#N/A
1165
#N/A
1166
#N/A
1169
56821
1170
#N/A
1797
1174
87822
1177
#N/A
1178
#N/A
#N/A
1181
#N/A
1182
1183
#N/A
1185
1186
#N/A
862
4213
1768
188792
#N/A
1193
350057
#N/A
53537
1195
1196
#N/A
#N/A
1200
#N/A
#N/A
1984
1204
2206
1063
3015
#N/A
#N/A
1209
#N/A
1211
68816
1212
#N/A
1213
1214
1769
#N/A
1217
178605
#N/A
1220
1222
#N/A
1223
1788
1225
87759
#N/A
1226
1777
1227
87873
1229
#N/A
87722
1232
1233
#N/A
1234
1235
1236
1237
#N/A
1239
1240
87880
1985
1244
82125
1245
97137
#N/A
#N/A
#N/A
1250
#N/A
1252
#N/A
1253
1256
#N/A
#N/A
82281
1259
1260
#N/A
94298
1263
#N/A
#N/A
3889
1267
1298
#N/A
1270
#N/A
#N/A
155461
#N/A
#N/A
#N/A
125678
#N/A
#N/A
2064
1277
1278
61478
#N/A
#N/A
1282
#N/A
1285
#N/A
87730
1288
#N/A
1291
61534
1292
1293
#N/A
#N/A
1294
#N/A
#N/A
#N/A
#N/A
1302
1304
#N/A
1307
#N/A
107254
1308
1309
1310
1311
87798
1312
1313
1314
#N/A
#N/A
#N/A
1320
#N/A
1322
#N/A
1324
#N/A
1556
1329
#N/A
1334
#N/A
97148
1336
#N/A
1337
1338
#N/A
1340
155630
1341
#N/A
1771
#N/A
1345
1346
#N/A
1350
1351
#N/A
2792
1355
#N/A
1357
#N/A
1358
1360
#N/A
#N/A
1363
1364
#N/A
190
#N/A
#N/A
1368
1369
52914
1370
97938
#N/A
1372
1373
#N/A
910
1374
118204
1376
#N/A
#N/A
1378
#N/A
1380
1381
1382
1383
#N/A
3238
#N/A
1387
#N/A
1389
#N/A
2013
1391
1392
#N/A
67548
1394
1395
1397
1398
#N/A
#N/A
1401
#N/A
#N/A
1403
#N/A
#N/A
1405
#N/A
1408
#N/A
1410
#N/A
#N/A
#N/A
1411
#N/A
1412
1413
1415
#N/A
1417
1418
1419
#N/A
1421
#N/A
1423
1428
1429
1430
1431
1432
52897
#N/A
1437
1438
1439
1440
1705
1441
1442
#N/A
175415
#N/A
#N/A
1444
1445
#N/A
1446
1447
#N/A
#N/A
#N/A
87769
1453
186585
1455
3236
#N/A
#N/A
1458
1459
#N/A
1461
1462
1463
87752
1464
52902
#N/A
#N/A
93226
1471
1472
4813
1289
1473
#N/A
#N/A
#N/A
1714
1476
#N/A
1478
#N/A
#N/A
#N/A
1482
#N/A
3610
2808
#N/A
1485
1486
1487
#N/A
1488
#N/A
#N/A
1491
#N/A
#N/A
166857
1494
1495
#N/A
#N/A
1499
1500
1688
#N/A
1502
1503
#N/A
1507
1508
1509
1510
2965
1511
1513
1514
1517
1516
#N/A
#N/A
#N/A
#N/A
1521
1522
1523
87884
#N/A
1527
1528
#N/A
1529
1530
#N/A
126482
#N/A
1535
1537
1538
1539
1542
#N/A
#N/A
1580
1545
#N/A
1547
#N/A
1548
1549
1550